1.129331099744131234e-01
2.356911450130168631e-02
9.210480412096686692e-03
5.102101275047832112e-03
3.586007561674125609e-03
3.014257388939043086e-03
2.921432839362533753e-03
3.185299323895249106e-03
3.838489793358893822e-03
5.045025259896414142e-03
7.157928424022713676e-03
1.087347980931652712e-02
1.756727931444529087e-02
3.001848383043636409e-02
5.400025546386947456e-02
1.018588746079962526e-01
2.007748723899885901e-01
4.123173777220429104e-01
8.798900729822071165e-01
1.946676803169060666e+00
4.455868702977001661e+00
1.053275128222171908e+01
2.566845506040397140e+01
6.439501170832893706e+01
1.660752347194461720e+02
4.397592948874577701e+02
1.194223047743724237e+03
3.322453622810784509e+03
9.460491630804654051e+03
2.754606499958765198e+04
8.194726832249424479e+04
2.488867020072138112e+05
7.711648214741972042e+05
2.436001765059655998e+06
7.840036015379643068e+06
2.569275779517796636e+07
8.568665088981193304e+07
2.906679052791304588e+08
1.002413891376864314e+09
3.512850348092865467e+09
1.250380593392266083e+10
4.518687606434237671e+10
1.657283351364080505e+11
6.166390854026917725e+11
2.326797839200376465e+12
8.900830211262464844e+12
3.450678680842722656e+13
1.355329873081401250e+14
5.391658504452188750e+14
2.171764165252699250e+15
8.855176184576200000e+15
3.653947588124220000e+16
1.525453435648024960e+17
6.441729590648682240e+17
2.750884821542205952e+18
1.187714582755931750e+19
5.183565520815422669e+19
2.286295944793116836e+20
1.018913836501375517e+21
4.587335997714781438e+21
2.086034950137244025e+22
9.579507918119169845e+22
4.441715260335701161e+23
2.079083544919634629e+24
9.822840562493592764e+24
4.683587810962865296e+25
2.253363826712363075e+26
1.093784530361916782e+27
5.355730836110772901e+27
2.645043370590307253e+28
1.317395942654860125e+29
6.616272932043080723e+29
3.350192873550115426e+30
1.710144584388711234e+31
8.799364096758555408e+31
4.563262460838141136e+32
2.384827412886411285e+33
1.255881838834768124e+34
6.663542452748972719e+34
3.561898909679426731e+35
1.917938537445119392e+36
1.040212887114024279e+37
5.682024237989114383e+37
3.125626977450682234e+38
1.731351849786620739e+39
9.656272846470690587e+39
5.422162655875764643e+40
3.065053711479306085e+41
1.744097486154356778e+42
9.989320870769462089e+42
5.758374978797611657e+43
3.340640208597337434e+44
1.950262253529147535e+45
1.145666914122181130e+46
6.771657316095561601e+46
4.026917204497091104e+47
2.409140325643723864e+48
1.449887622867035879e+49
8.777305895523647595e+49
5.344599519995982702e+50
3.273174214525011233e+51
