2.086997737567101441e-01
3.907860183541475574e-01
5.539451849164057640e-01
7.028491533893566068e-01
8.405608011411549452e-01
9.692048363496982288e-01
1.090320914099908611e+00
1.205064078142856987e+00
1.314325563304867828e+00
1.418809233904545941e+00
1.519081941756228904e+00
1.615607847948863141e+00
1.708772502168429019e+00
1.798900163275984454e+00
1.886266532130538742e+00
1.971108292357150349e+00
2.053630381202038446e+00
2.134011614653241296e+00
2.212409098526590068e+00
2.288961729920006682e+00
2.363793007452105410e+00
2.437013309497764624e+00
2.508721758157714810e+00
2.579007757179516691e+00
2.647952270730497215e+00
2.715628894323534492e+00
2.782104757639689119e+00
2.847441290332025865e+00
2.911694875337545785e+00
2.974917409209662189e+00
3.037156785113912960e+00
3.098457311117592372e+00
3.158860074040816812e+00
3.218403257268430906e+00
3.277122419434935097e+00
3.335050739702752676e+00
3.392219234392910288e+00
3.448656948947422141e+00
3.504391128566458846e+00
3.559447370341581429e+00
3.613849759276172247e+00
3.667620990227884015e+00
3.720782477511447084e+00
3.773354453652378204e+00
3.825356058574178153e+00
3.876805420326391527e+00
3.927719728312702330e+00
3.978115299852440501e+00
4.028007640801720690e+00
4.077411500868853622e+00
4.126340924180148306e+00
4.174809295584689828e+00
4.222829383128422265e+00
4.270413377077493244e+00
4.317572925827091623e+00
4.364319168993999298e+00
4.410662767957954422e+00
4.456613934087939377e+00
4.502182454864120054e+00
4.547377718083914999e+00
4.592208734321022057e+00
4.636684157788955929e+00
4.680812305745368995e+00
4.724601176559880322e+00
4.768058466556140296e+00
4.811191585728185949e+00
4.854007672421627007e+00
4.896513607061750761e+00
4.938716025003015986e+00
4.980621328567668371e+00
5.022235698335117071e+00
5.063565103738228323e+00
5.104615313017825784e+00
5.145391902582246324e+00
5.185900265814800569e+00
5.226145621368416094e+00
5.266133020983458479e+00
5.305867356861803330e+00
5.345353368627528745e+00
5.384595649902189862e+00
5.423598654520436213e+00
5.462366702409707564e+00
5.500903985155915166e+00
5.539214571275368648e+00
5.577302411211661592e+00
5.615171342074838812e+00
5.652825092138907159e+00
5.690267285112573070e+00
5.727501444197015346e+00
5.764530995943523806e+00
5.801359273922946258e+00
5.837989522218019367e+00
5.874424898748925372e+00
5.910668478441709617e+00
5.946723256248519718e+00
5.982592150028060551e+00
6.018278003294080136e+00
6.053783587839195235e+00
6.089111606240912522e+00
6.124264694256216224e+00
6.159245423110745854e+00
